x,y,cluster
0.4715898525556579,0.1094469139521507,0
0.4517212468795503,0.1093320479201253,0
0.4509925524526477,0.134396273756654,0
0.4322199827952974,0.1349070563025353,0
0.4552848192530351,0.14981014014169,0
0.4545594292042633,0.099038824575232,0
0.4387326125512049,0.1049456925822594,0
0.4444214747405404,0.0935326455752902,0
0.4515308152951304,0.1167317972172219,0
0.4335014719332889,0.1310239190821713,0
0.4407544057081999,0.1029024736294286,0
0.4340424726501412,0.1267135737098206,0
0.4420855968230671,0.1121680981575419,0
0.4567235041332049,0.0976112792209188,0
0.4214573808506812,0.1175069276146195,0
0.4700165260427807,0.1073236768985456,0
0.4451438509552566,0.1093579184098604,0
0.4564497163093514,0.1305019135218726,0
0.4558281545062277,0.141021621474326,0
0.4262781935191697,0.0846845726441687,0
0.4530890259222193,0.1276505934572897,0
0.4424430030843537,0.0986349077836624,0
0.4341549522502687,0.1185174151341161,0
0.4442802870724136,0.1345740839061277,0
0.4525207375764669,0.1111233976837793,0
0.4633570512020348,0.126230608751718,0
0.4503991230566456,0.1151379183512929,0
0.4537154676332298,0.0958975052893003,0
0.434528477284628,0.1208844931030161,0
0.4528209697338692,0.1130180872827696,0
0.4517686661323886,0.1238335931027875,0
0.4486597917652649,0.1186614279766009,0
0.4412248410870185,0.0910841087948538,0
0.4370761989933889,0.1242365804633114,0
0.4674513447404168,0.1381421840310061,0
0.4520147304090915,0.105963197421499,0
0.4502692012506615,0.144353625887115,0
0.4451924149709018,0.126601995371149,0
0.4445257634665649,0.1052206326041597,0
0.4519864162455109,0.1478031809151336,0
0.4453908107068536,0.0858331557467707,0
0.4351935537702115,0.1041196518402943,0
0.4378791716093821,0.1198059763413012,0
0.4194836684728525,0.1595201967125572,0
0.4249005569999715,0.1018414706566789,0
0.4469164453871869,0.1383608699715858,0
0.4444068103196704,0.1117870505085373,0
0.4452744765807895,0.1441616510879584,0
0.4284035563870503,0.1062660923824367,0
0.452560828083944,0.1275587362311706,0
0.4583625895926578,0.1125275640467648,0
0.4632817335075059,0.1133031334830929,0
0.4586426406224249,0.1449511003022707,0
0.4321426554602919,0.1282702765855099,0
0.4468511412642069,0.1121113780808135,0
0.4473437128503296,0.1223908719748179,0
0.436130837475237,0.1409866416303882,0
0.4478555311485543,0.1255278742943771,0
0.4544298405513177,0.1620572192116052,0
0.439142286640752,0.0742960430733565,0
0.4394111403680634,0.1063763546426409,0
0.4415341206498079,0.1179990306434372,0
0.4542831697197114,0.129193828879773,0
0.4446277876157827,0.133456299766606,0
0.4427708607267589,0.1095399893223101,0
0.4351812052714016,0.0991282273044481,0
0.4302754233146282,0.1263660746947929,0
0.4481856707252345,0.0941339436815254,0
0.4524442820404332,0.1295408804547353,0
0.4518633192988147,0.1343276175221658,0
0.4326262021239693,0.0949024782045197,0
0.436492282426583,0.0981012231102468,0
0.461652525426983,0.1135841162431171,0
0.4331287880546317,0.1000052736643862,0
0.4433480507850076,0.1275125563250559,0
0.4419496794871052,0.097697285856992,0
0.4365074939986148,0.0957457002650007,0
0.4243786238535901,0.0913566173189833,0
0.4557124163391812,0.1009680533579708,0
0.4666042700333744,0.1422698212886798,0
0.4118353700024356,0.0638347566783469,0
0.4562793505466109,0.0896876508632393,0
0.4295857452865614,0.1112086775269572,0
0.4459672719774104,0.1418406044288807,0
0.4528444941027455,0.0987453722427986,0
0.4312376259982876,0.1015141651864512,0
0.4635865685455158,0.1450827782119396,0
0.4449763484315672,0.1059986240003346,0
0.4544728838398553,0.1059474601251025,0
0.461231935756981,0.1241522502855308,0
0.4161164386768525,0.1077899267555637,0
0.4409222768721548,0.1248188550260291,0
0.4420421985224531,0.1123524981187662,0
0.440497366933112,0.0959179985676957,0
0.4525439286490886,0.1266516595549005,0
0.4524399188541346,0.1164051037096631,0
0.4311390153827423,0.1306004432232365,0
0.4538286241790254,0.1240483722022168,0
0.4505803749598746,0.1259302743096969,0
0.4543231782344717,0.1284116306970021,0
0.4276103828523543,0.0940150915270968,0
0.4490696663075534,0.119201618500295,0
0.4459827059887606,0.0817203702503358,0
0.4423664837206068,0.1502005479768254,0
0.4622823095310843,0.1367362141577713,0
0.4319842314909978,0.1043944649091112,0
0.442745532689759,0.1317928033983025,0
0.4540787834538737,0.1056373321912821,0
0.4477745652397555,0.1364359751318489,0
0.4484383919411876,0.108861605867414,0
0.4508385259152223,0.1227183672167642,0
0.434927308180731,0.1302947364232137,0
0.4467167876133378,0.0899242489580458,0
0.4443433170350434,0.1549706286240847,0
0.4467997032271293,0.1271359482030037,0
0.4506793681574264,0.0910208202740261,0
0.4574190732150035,0.086399538046597,0
0.4451406071872484,0.0931655549598597,0
0.4521030577591686,0.1276749300424851,0
0.447504709074263,0.1149560412141216,0
0.4212382933021802,0.122239161830805,0
0.4357074848404677,0.146827939241834,0
0.4540321678842159,0.0942002487150126,0
0.4510483526720252,0.1168504214136511,0
0.4455265912503543,0.1237782666096895,0
0.4474040004091034,0.145491087020745,0
0.4546834147737584,0.1239893966153534,0
0.4436292003843581,0.1184975845344215,0
0.4553068570310987,0.1040150321287657,0
0.4447306465847469,0.1080761579006377,0
0.4426323309378916,0.1130705112800296,0
0.453690830035107,0.1281548090711221,0
0.4299132464016038,0.1170938136682344,0
0.4365418495782268,0.1255391939820025,0
0.4257232683387463,0.1023075998700714,0
0.4459357015578186,0.1032968743397163,0
0.4727521065563666,0.115541619666928,0
0.4482987796993958,0.1004495063011212,0
0.4601624965573522,0.1085207383320554,0
0.4550473374217182,0.1012591245689437,0
0.4450940684438891,0.1239829769347179,0
0.4579345044791065,0.1323593747966753,0
0.4441856530210171,0.0936439109208215,0
0.4619764294891417,0.1555112236826417,0
0.4575022983209236,0.1057770068479788,0
0.4645593078483094,0.158974935648074,0
0.4394903633630682,0.0881315765066118,0
0.4463149959358023,0.0923210889042137,0
0.4321767538921909,0.0721283933094388,0
0.4546863307842621,0.1278112505731065,0
0.4584057772663967,0.1128155885087674,0
0.4519928582106631,0.1477012272026598,0
0.4337435825890737,0.12120367251619,0
0.4461239590696936,0.100864024043715,0
0.4380322084678025,0.1162888411528755,0
0.4546821851101368,0.0925724725342015,0
0.4598183883603124,0.1491607329298916,0
0.4432866520573416,0.1090975253993414,0
0.4378553843072301,0.0861968276616697,0
0.460053101908095,0.1024145385463397,0
0.4330341326767327,0.1210182561591693,0
0.4431307527142893,0.133840413463622,0
0.4453896577165442,0.0998321251222398,0
0.4470527984453007,0.0932085537662304,0
0.429301272024762,0.1313433938521151,0
0.4447274784139602,0.1195181171471815,0
0.45530365934419,0.1069912526353006,0
0.4512903418315648,0.1297188174759046,0
0.4355905434072045,0.1263680688760202,0
0.458635753607546,0.1183344883975877,0
0.4468065577213692,0.1279872816097692,0
0.4399430228265726,0.1140059032864049,0
0.4578125053923007,0.1305730253452148,0
0.4270986939194604,0.1370431110986938,0
0.4404939906270179,0.1414420970564878,0
0.4578815842871949,0.1231998591261865,0
0.4352116320476017,0.1138247456740895,0
0.4416674339979739,0.1191831631576476,0
0.4588737526297438,0.0936907182908979,0
0.4367690930989782,0.0777572077880204,0
0.435062828726472,0.0793805878851728,0
0.4477699280110844,0.1310689504974521,0
0.4562330106011506,0.1263995629544817,0
0.4368731095821739,0.1129847036971687,0
0.453426759805771,0.129198844487364,0
0.442434465299224,0.1317117039367915,0
0.4583569267750985,0.095647804416062,0
0.4417557730499385,0.144423232387769,0
0.4496313706542481,0.1101119315609568,0
0.4450919444683904,0.0928248201304729,0
0.4621693906005929,0.0881795720613181,0
0.4446615523875335,0.1150561819669473,0
0.4370510743280112,0.1171269429932389,0
0.4389356949384807,0.1374077879717464,0
0.4474485048815124,0.0960082625989976,0
0.4435988331924697,0.1251441433362055,0
0.4621004485074967,0.0999042243678253,0
0.4475488721158182,0.0997299553889513,0
0.4451415336383689,0.0944697706517099,0
0.4402993576384849,0.1234038337814309,0
0.4484123786596075,0.1114809750098923,0
0.4477398757527976,0.0828843655493998,0
0.4514368934259372,0.1328071807697174,0
0.4553707776105166,0.0934923854991637,0
0.4254531057187204,0.1168747779394859,0
0.4535088994961999,0.1167591228532054,0
0.4419636623490172,0.0917536991194038,0
0.4558319789498845,0.1493783994425886,0
0.4265190487122494,0.0798690604205726,0
0.4544145033667974,0.1021986527734869,0
0.4629283676744951,0.0995685717695286,0
0.4348633900275492,0.1030608666741115,0
0.454254610024988,0.1022503293792445,0
0.4325993884756712,0.1208891629642095,0
0.4472513072314792,0.1307068176479532,0
0.4215519605500215,0.0823111038535699,0
0.4349885050738961,0.1109784865616263,0
0.4609274963566587,0.1171515777526248,0
0.4442952793406815,0.1196828546658348,0
0.4483335879063139,0.0791383908556641,0
0.4404730877604939,0.136952563589955,0
0.4434841688073376,0.1326585413344032,0
0.4309985636050842,0.0997316216631194,0
0.6614366905091,0.2200090855761563,1
0.59277773426225,0.2773080612648174,1
0.6212384035516559,0.3163451754716619,1
0.5913146895846775,0.341608525078131,1
0.5701178742629556,0.3063394108674566,1
0.6238754022937794,0.3175328900263906,1
0.6123421390378091,0.2724848977044425,1
0.6158980088652946,0.3487479440137087,1
0.613351160157829,0.366052991791453,1
0.6084146815557755,0.3072170203610586,1
0.6123113200578894,0.3704036971317407,1
0.5998074560394587,0.3211513181870752,1
0.5858260709195738,0.285852555151152,1
0.6288431918462993,0.230767467488184,1
0.599246715171258,0.4278956677631828,1
0.5880542862852949,0.3184832715445788,1
0.6245467733254042,0.2152989577420523,1
0.5713556119198071,0.2888646515703825,1
0.5724547745355852,0.2448325349541327,1
0.5767931154647246,0.2626340813813874,1
0.6272488582043563,0.3317461939055363,1
0.5970833501044315,0.3164886320415426,1
0.5533578105863484,0.259410904364938,1
0.5349703440765531,0.2722273542349306,1
0.6275242971521101,0.324812764471318,1
0.5386448694066889,0.2101850284794882,1
0.6002726018411252,0.2804271530749964,1
0.6126625661915454,0.3508620132490768,1
0.6493518833488127,0.4333180711050297,1
0.5926500419284483,0.3579125984245637,1
0.6298716807721716,0.4013667215629213,1
0.6974956128469204,0.4252888331895603,1
0.5982184790905809,0.329618551784111,1
0.6801115870626101,0.3283120301760839,1
0.6217569332036285,0.3896016424037157,1
0.6406101882999526,0.4024796199125668,1
0.6255935304033808,0.3480961639391945,1
0.5901224901737867,0.3444393425800363,1
0.6196567440158026,0.3533780302981041,1
0.608524382543712,0.3405726604977407,1
0.5182928183962966,0.3109342866938911,1
0.6219673039763769,0.3780733133509539,1
0.6164268845620197,0.3213617719021204,1
0.6078086290076168,0.2930193941902272,1
0.6333822718163054,0.2934750810487025,1
0.6242521666882686,0.3665873863608989,1
0.6081351523553592,0.3609214696520789,1
0.6368444187853624,0.2774299858724265,1
0.6829008017707401,0.3541160999281076,1
0.6047774754944614,0.3080045237607282,1
0.6513079610764778,0.3068176051927733,1
0.5949924824544982,0.3212802049860663,1
0.6014674991939654,0.3231131927692205,1
0.6075218655879305,0.3190907831876456,1
0.6081836617536119,0.3041134649430753,1
0.5704332505577131,0.3147656748313197,1
0.6175078194928763,0.3266279128399076,1
0.6055040047771085,0.2428213265416852,1
0.5834666678711781,0.1679515401871892,1
0.6788427488651284,0.3316573023437368,1
0.6164848906321264,0.2243270780656174,1
0.6822542192640508,0.3791650881325965,1
0.5980312653545663,0.304893982847865,1
0.6083487380349846,0.3169758327665183,1
0.5946597048160722,0.3108704022004027,1
0.5986502766607253,0.3386983936316818,1
0.6102966859673996,0.2889236071871939,1
0.6164387472812933,0.3237856237749566,1
0.5846543293449976,0.2941258061769028,1
0.4634548668868404,0.2945298036592651,1
0.6899331070063062,0.3498158266605496,1
0.5959507997098654,0.3099173781484019,1
0.5824614857960714,0.2925212721757584,1
0.6025410815359851,0.3254858492272339,1
0.6591962877370525,0.3644271988278483,1
0.5996437134850435,0.3352896297981199,1
0.6119157012352398,0.3040680664263627,1
0.6196785138649326,0.328395204240063,1
0.6068040080344614,0.3370163560436289,1
0.6505693542948979,0.3129194118123506,1
0.6055401409662706,0.2410255302223872,1
0.5759938770784898,0.2171516134273836,1
0.5327489868535362,0.2413440417969661,1
0.6230499519735648,0.3693451642312342,1
0.6330919133003143,0.2370658025452635,1
0.5487194362482095,0.2082110582653645,1
0.5313096670587022,0.3063631195957852,1
0.5563955946564634,0.2537631154384323,1
0.6255191011384642,0.3684525097590568,1
0.6197887174339103,0.4137537215557783,1
0.5747830527332295,0.2476771942214854,1
0.590304616479728,0.3721507627731761,1
0.6203887547497742,0.328533217359894,1
0.5902011343022158,0.3094296900527714,1
0.5703293647436104,0.2449931578867785,1
0.6116460685226615,0.3172815358708051,1
0.5774857548166711,0.2846696611824051,1
0.6210843773823388,0.3472958624669408,1
0.6133597852474332,0.2765838164575283,1
0.5792796026096719,0.3002237370968332,1
0.6130165324967494,0.3290385055563512,1
0.5773771767322914,0.3230966643049946,1
0.610371499605991,0.3331812966723202,1
0.5970564064320789,0.3099054944013135,1
0.5717784916968429,0.3327714477017756,1
0.6339812965500614,0.3929517591647818,1
0.6145765836818261,0.3218984945859097,1
0.6508744337725841,0.2968095896925034,1
0.6158518357639898,0.317403047226412,1
0.6074163992582368,0.4191671791858956,1
0.6372604265428318,0.3341092824204343,1
0.626336643795568,0.3037808614188713,1
0.5958250030419988,0.2781063319808665,1
0.614528587545769,0.3307601821293413,1
0.6013094619802741,0.365360833445046,1
0.5965454798753436,0.3091819705866124,1
0.5850101396112446,0.2790286119500273,1
0.6560590530592043,0.3438836073052455,1
0.6143749081451108,0.3386886023654594,1
0.6398533083370587,0.3730190902801534,1
0.6130843870238569,0.2852934224575691,1
0.6136245490126295,0.3085804636312463,1
0.6580807561159769,0.306224372275575,1
0.635185538100807,0.3824258372861743,1
0.6128667879581422,0.3148566308651655,1
0.6089087229285226,0.3253139221868109,1
0.6261598704475396,0.3455882712754646,1
0.5922473095677541,0.3057996267128964,1
0.594359385396061,0.3220545610676717,1
0.6061621401524052,0.1992804122023022,1
0.6073425099033178,0.3421275868877319,1
0.6049843222584792,0.3096656961876056,1
0.6279162700419927,0.3066014383130643,1
0.5618914510077175,0.2673989349760808,1
0.639184112876989,0.276736661454122,1
0.5944524085737426,0.343909558605674,1
0.6046052258497531,0.3337201608314196,1
0.6311893642664038,0.4188820382848062,1
0.6337311253888913,0.3510286082316851,1
0.546009574268413,0.3233052866652597,1
0.5905491349429247,0.3371854270316888,1
0.565881605354561,0.3095985361760722,1
0.6657711592043212,0.4595642071019644,1
0.599644992892417,0.3113931620753126,1
0.590275813367476,0.3015974724627426,1
0.6050498142552654,0.2909693886441707,1
0.6023539364901915,0.3199045073012188,1
0.6203936389283086,0.3498388116032228,1
0.6108131031713804,0.3249669682955857,1
0.5808882600997024,0.3732911515325419,1
0.6095220676730819,0.3186047641959055,1
0.6312081939959685,0.3497528838061784,1
0.620312904785951,0.423557900161542,1
0.5928770841550692,0.240537120706811,1
0.6282271385679108,0.4164097376604159,1
0.6437666733458844,0.2951392728273563,1
0.586223236051287,0.2704913973233612,1
0.6274007122200823,0.3599550294976097,1
0.6431885532422281,0.3276963563166082,1
0.6228106403741653,0.3244974771844416,1
0.6008207609148793,0.3156641515140969,1
0.6499038973726556,0.3130989726163706,1
0.5706011040961364,0.253071332789639,1
0.6267185841200745,0.3124939095055797,1
0.6075934052762991,0.3171805724946904,1
0.6955631824270591,0.3959426020907264,1
0.6809688696200573,0.4023152268001638,1
0.5643153790297352,0.3021633770126822,1
0.6235543714608941,0.3029100574171312,1
0.6357108211065572,0.3955810353186769,1
0.6009367427204108,0.3204092899769705,1
0.6011342641041518,0.2794857032383573,1
0.6850030440412902,0.3649325815900333,1
0.6024418547650827,0.2900972691990069,1
0.5784639989532854,0.3033276616024541,1
0.5940993986117774,0.3635618847000955,1
0.6296229125487414,0.3838506227745401,1
0.5777857328466222,0.301195883302394,1
0.5319402917393391,0.301748442119845,1
0.6388965596958317,0.2953150886800781,1
0.6314493503151357,0.3402221627669847,1
0.6264740369169792,0.4456697920100572,1
0.5703572405342706,0.2893715262177606,1
0.5907910927779754,0.2715134032983663,1
0.5779343070231882,0.3394458984237351,1
0.6692728878270642,0.3907848976640283,1
0.6323363863353931,0.3463595397157663,1
0.6077171668842407,0.3529365694999772,1
0.5952986904718772,0.3381006138926919,1
0.573342480514521,0.2520459918637805,1
0.6022754938178371,0.3650705008538849,1
0.6351649705335952,0.3859223195915097,1
0.6667115797084153,0.4678821546266521,1
0.6840614875843949,0.4092213703514076,1
0.6377016281518038,0.2536814866709909,1
0.6071933294775949,0.3294758644361046,1
0.5969563277383177,0.326682722419665,1
0.5792999849965947,0.2450867194820628,1
0.6097373980702891,0.3619652071130864,1
0.5683351117196954,0.3328865625122604,1
0.6216728155564983,0.2857143115323455,1
0.5667847226715436,0.3635003380066598,1
0.6283217309496135,0.2102625329539558,1
0.6107405429903419,0.360514184600983,1
0.6900950445190509,0.3794857719475656,1
0.6377098975287826,0.3827717710909569,1
0.6582682503661197,0.2518595739930583,1
0.5978310768800743,0.3056295986220867,1
0.5859828460165462,0.307561971377367,1
0.6274250542003521,0.3270887731646604,1
0.6331364655261285,0.2866369870295559,1
0.6310168841595986,0.393614734894769,1
0.6096474212464387,0.3458973843447781,1
0.544118128634025,0.3587900212381212,1
0.6423817519663475,0.2632765131786752,1
0.6238983465406968,0.3771224146600396,1
0.5552045166859102,0.27558761107559,1
0.585551136758875,0.3150397222465702,1
0.5605039861078344,0.2476440624230949,1
0.5619048355529755,0.3519433311076608,1
0.6506268009972923,0.3710775719638634,1
0.5929725634030463,0.31545338303678,1
0.6142144031204533,0.3799999283527033,1
0.6639680993695058,0.3759957783397367,1
0.6512070207135944,0.210272796360703,1
0.59889745389512,0.2895871131048323,1
0.5784234761035707,0.3814693598622736,1
0.6276160762557712,0.3753795811803784,1
0.5926344891758976,0.3002369021022083,1
0.6034352625543237,0.3347780051732459,1
0.6009705053062377,0.3257193509787264,1
0.5834984350880799,0.1772054107027801,1
0.5834960366072874,0.2289653305123459,1
0.6364939649928757,0.4003364649949998,1
0.5812447063097254,0.2823344510302187,1
0.6030905624376192,0.3130126754918915,1
0.6120190546794952,0.2976165808862026,1
0.6041149061942847,0.3270594263269179,1
0.5927678533098563,0.3162287488051499,1
0.5771448341348838,0.2872625330819459,1
0.6198756734408466,0.3681885057944309,1
0.6060425129610105,0.3291612586076459,1
0.6204670490171562,0.2307322847890961,1
0.6598663245242515,0.3576347760253471,1
0.5869375699355088,0.3217126676740147,1
0.6253779864690951,0.3977491583823355,1
0.6020388907500187,0.3865629255937943,1
0.6081275101703507,0.3063745288479084,1
0.5372092530186979,0.274989868306619,1
0.5579915560930055,0.2700187667634434,1
0.651354475379117,0.2207202569681627,1
0.5592616179151454,0.2943141641838955,1
0.6151720740616047,0.3377816738467118,1
0.6011159336593911,0.3397667451918439,1
0.6066682369484413,0.3343949633069043,1
0.6093809134923784,0.366608277951924,1
0.5963142347988473,0.3108715603161138,1
0.5912143149184492,0.32218439901275,1
0.6150426120878657,0.3169812094895156,1
0.7151121071752382,0.3827886488716362,1
0.6179048434612178,0.3453151637487477,1
0.6271992268907961,0.3519975322338378,1
0.5675289004293235,0.2274447223926896,1
0.6245197682837309,0.3755938041462948,1
0.5925623711377828,0.3192576787699243,1
0.6220703856192022,0.3242857805785342,1
0.6102670287911068,0.3323818747518561,1
0.6086090242500233,0.3149196130569792,1
0.6219281136773863,0.2849794942098908,1
0.6294368052906122,0.3342115137509656,1
0.6122861181123987,0.2725394382740911,1
0.5917409393524666,0.3355019566540136,1
0.6448159048410633,0.3685304015722992,1
0.5990061087939558,0.3402887947348375,1
0.6107612222046161,0.3861601333520251,1
0.6471631224194658,0.4022982710975779,1
0.6023652503856867,0.3050613311222749,1
0.5930154185599975,0.2788931632321031,1
0.6796832498593778,0.4512622845298706,1
0.601812927406793,0.3150655318216364,1
0.55833631910695,0.3473351070916531,1
0.680075850464178,0.4257734343108229,1
0.6219875430139887,0.3090388163072555,1
0.6376453891462099,0.361900329055819,1
0.630606218897083,0.3912822158587897,1
0.6126087705820339,0.3409022239189315,1
0.6077314340544694,0.3263418438143948,1
0.621027934698434,0.3706956509284457,1
0.6050086283403082,0.3705237119544384,1
0.652310627066945,0.3515853332014589,1
0.6000608464126382,0.2899859537082767,1
0.6318022512360929,0.3934068301157729,1
0.6128419786927958,0.4436307828230577,1
0.6626735379639129,0.3932235706755561,1
0.6673233382196317,0.3474363790367457,1
0.5913277144914707,0.3001380242381444,1
0.6322113975313294,0.3270572380951532,1
0.5749688186662701,0.3294499789961462,1
0.6057002752818896,0.282148888140689,1
0.5503986557846683,0.2907520982816701,1
0.5957052110137381,0.3627179810214547,1
0.6105814921961965,0.3433791434723623,1
0.6106844601852023,0.2790689462310657,1
0.604420084664483,0.3020606751731916,1
0.6164935496399311,0.3602010068711973,1
0.5857199036294403,0.3310796963046766,1
0.5910147446010049,0.2968305835967366,1
0.6101811464638449,0.3002827799485968,1
0.5514855545780627,0.2899130845889325,1
0.6212229761377619,0.3499045159246011,1
0.6104460773185821,0.356620155793788,1
0.5704105155591901,0.2332186222043881,1
0.5756938828544291,0.2954032725901465,1
0.6329573110475027,0.3578050818159124,1
0.5530589939435965,0.2193937188687921,1
0.6064874925590106,0.3175585509882105,1
0.6389585575888304,0.4660113370008352,1
0.523319759670432,0.3438655978044793,1
0.5942281977482488,0.3019236594291993,1
0.6329175387098961,0.3118167263349025,1
0.6042541381205399,0.3438508519747879,1
0.6600391450064723,0.3540457361127191,1
0.6303597567669568,0.311124796382455,1
0.6055949906722694,0.3423887715040684,1
0.60985324329679,0.2177841687348537,1
0.6138048921890771,0.320962665999028,1
0.6354167274712055,0.4440751407504776,1
0.6284567675762915,0.394385179732069,1
0.5802133011985018,0.3773395986561188,1
0.6007245980852766,0.307229515469467,1
0.6029422139882015,0.2953975475080188,1
0.6052500358449551,0.3258459379982225,1
0.7082556845752379,0.4416145728743109,1
0.5051965634571509,0.481304323302309,2
0.4466590765362574,0.4209572356599924,2
0.3818100833125141,0.4108703780604887,2
0.2030050947112243,0.1467002155338915,2
0.5549784981597179,0.486060585335196,2
0.5854551257629271,0.4216294802115387,2
0.4890020779557685,0.4144626933719778,2
0.5690045328450535,0.4975854909754177,2
0.6040313702895402,0.447518981379147,2
0.569351098404051,0.5521912376591902,2
0.4091730986079478,0.4280772444366547,2
0.6070911195094818,0.6704687061705039,2
0.5003333770776968,0.4708263020177038,2
0.4789303208127801,0.3387876549280237,2
0.4774397724982079,0.2846238654054651,2
0.4935172961566244,0.4194703125923428,2
0.4469694043993628,0.4241629289700446,2
0.5095378080772747,0.7281483673803191,2
0.5702587146669276,0.5538631135865706,2
0.500608626278522,0.4294874460760967,2
0.522695287828667,0.5951697040762307,2
0.6274646781017816,0.6793658196970624,2
0.2577836815087506,0.2120253461247647,2
0.4134620646235462,0.5073343114237803,2
0.4319729671071187,0.2559632251881644,2
0.3032742748965583,0.2171037317483798,2
0.549845651367927,0.6116911822402473,2
0.4984789469232805,0.4385874039909498,2
0.6631944727173078,0.5423774589260202,2
0.5276805768445495,0.4282049176099033,2
0.5839295536946899,0.6132288273426099,2
0.5169356464536957,0.470587385992117,2
0.5558995221376245,0.5429292577702004,2
0.4881899548240655,0.3904212891363213,2
0.4385117468756749,0.5014058843959254,2
0.5405740391976092,0.4750530507728188,2
0.6886236820947369,0.4816452536302713,2
0.6005071537701334,0.5493811862366114,2
0.5660306104110979,0.5112026326190984,2
0.4946973111507012,0.3886383299269585,2
0.7096953747492333,0.5954580904304149,2
0.6641688727561279,0.4893187460382284,2
0.8198220276677923,0.6140759018084709,2
0.5607807515843047,0.5026330113681924,2
0.5878467217953216,0.5048702841154702,2
0.5567732945113439,0.6285328959058307,2
0.8502066881524579,0.8905972460790632,2
0.4269790650856375,0.501842441856924,2
0.346841693929656,0.2984891974743964,2
0.6340356302492449,0.4361232387063196,2
0.5023507683199898,0.4116916061034796,2
0.6947824329100449,0.7331287848061918,2
0.556521448882691,0.4934634226492617,2
0.4850698285258895,0.5095742667393691,2
0.4703888234373561,0.4128549235579977,2
0.5928666500423867,0.6554679033793733,2
0.4279962211505982,0.3723559697163802,2
0.7868043312736078,0.7191266844751337,2
0.650422833125121,0.6770699725795406,2
0.5599996718435187,0.7537577026730369,2
0.4756701473122076,0.4135531457166241,2
0.6276878808243921,0.5086117289776411,2
0.6059034666622505,0.8255512562887075,2
0.5550237037558675,0.4861243454158179,2
0.425880319189909,0.4278843530725257,2
0.7798068972368035,0.6036575133918793,2
0.3766851369758869,0.3709582488836722,2
0.5640745655513089,0.6282366252105073,2
0.6747399861406134,0.5887426705204994,2
0.6416657852076414,0.6237155949088236,2
0.5309574685030536,0.3810482148503339,2
0.4431240373172945,0.4248917466203268,2
0.5715411901100365,0.4039937092031375,2
0.5802208689616448,0.4977811262022159,2
0.4621047752407039,0.40028806895663,2
0.406066289453861,0.4698098642698419,2
0.5429697564615018,0.6579070068637682,2
0.5134182242892981,0.4183965362122709,2
0.5295237575855664,0.3786235309999268,2
0.6977140186441647,0.6533188988845189,2
0.5922020411566198,0.4434166306923017,2
0.5991340049978737,0.5315773421207922,2
0.5981554660061845,0.5881978781681887,2
0.6292233532317996,0.4880760391328808,2
0.5926075437584598,0.4801553808325488,2
0.4923912900901599,0.4119150874109506,2
0.3631483622216542,0.3005339738321452,2
0.4888048258096139,0.3917020666275544,2
0.5066823394735417,0.4360163177256976,2
0.5346191212198358,0.3830780568186968,2
0.58426494670064,0.4421705051316345,2
0.5841120333981231,0.4695739941425563,2
0.4186317245994614,0.3880767806772632,2
0.4354451224909224,0.3793458321698069,2
0.5202284778412346,0.490879468909953,2
0.6115475196670963,0.56684919608282,2
0.6566784170382212,0.6753315547151342,2
0.4853205119392469,0.2796711469312081,2
0.6435678991159288,0.5176275936291613,2
0.6131752122526181,0.5809139697041432,2
0.4925051808102753,0.4775587448734752,2
0.4468651404276423,0.3776500024672709,2
0.6402434757060942,0.5373052875668366,2
0.6458918655323869,0.4594150482432923,2
0.5330997510097654,0.3763791335691563,2
0.5384006188634347,0.4052263325195177,2
0.3971332818940518,0.3811173242106296,2
0.5426173521126559,0.4539023300555178,2
0.4208107148836166,0.3044433023749143,2
0.5454002437181673,0.6031528461584431,2
0.4163343893036043,0.4077464752580295,2
0.5769563524227678,0.4750477761588064,2
0.7618079113963985,0.4937727782694193,2
0.7801273260036158,0.6489495721437414,2
0.4706028861843843,0.5040574193272241,2
0.6660345700736556,0.6526740956289712,2
0.4675942214772904,0.3742204718597162,2
0.5300392983968284,0.2142901447761195,2
0.3879018478352584,0.4315046285051539,2
0.4133988201971881,0.5200367889282801,2
0.6255155045214954,0.589798001320964,2
0.5672585657110962,0.4910398469696966,2
0.5773295060382032,0.5131848855437864,2
0.736678490473505,0.6734636780820322,2
0.312412608988783,0.4131656147795449,2
0.5784969342180599,0.5286630433589968,2
0.538121339530837,0.3824479642282544,2
0.5732465827944141,0.8036816294910631,2
0.6856771754900026,0.6724178804250989,2
0.2583942655351751,0.3290818496462979,2
0.5367050050491989,0.4773985546013148,2
0.5107003959371048,0.5558125117431687,2
0.619894602311361,0.4899530022989821,2
0.5421794480667382,0.4064297939178516,2
0.9413034278012552,0.7010538491955611,2
0.4100093434795955,0.3937790957127406,2
0.5239765402020611,0.4560047783657462,2
0.5425719591446563,0.4651341593215549,2
0.305079688798448,0.1944533522043371,2
0.5537336526227707,0.5119558252592399,2
0.5230949313613823,0.5184651326218683,2
0.531571181550318,0.4770200360050202,2
0.4083253081903107,0.3848309960144767,2
0.6783613708169672,0.5689361927284304,2
0.5115021306311004,0.5376305786273428,2
0.5368320983969512,0.5347719911663911,2
0.5132490996625401,0.4781613130240446,2
0.5129006681963232,0.4258655388294473,2
0.4271869136458749,0.3644523239030419,2
0.5441614887627833,0.6363742530413079,2
0.4803150008562276,0.3501507730477743,2
0.4685618201287039,0.4540333273985821,2
0.5608241494981441,0.4760593192772917,2
0.5989308967431533,0.5938105300416763,2
0.5822852760659503,0.4867047684612191,2
0.4670171448042111,0.3891545496084777,2
0.4339743176082407,0.2407077815088021,2
0.4978880664616908,0.4277762296623901,2
0.545705200504171,0.4039842576361042,2
0.4874997834601449,0.4114721704087983,2
0.4124561958361509,0.4223378112260962,2
0.543664878046278,0.5485417554395412,2
0.7348514275616491,0.7233599084266548,2
0.7473296646585057,0.5686574350002492,2
0.6489126523720579,0.5664440453361881,2
0.5683218633906412,0.3838543907938591,2
0.5618632644090381,0.397352960880964,2
0.6535907218210704,0.7030844994866425,2
0.5829886198254348,0.6414480062895452,2
0.609348646380246,0.4565743138764682,2
0.5155339864935229,0.5013455297098169,2
0.724067514346599,0.5592961326268251,2
0.38786856216764,0.3628916230202856,2
0.1613351111531082,0.2362207320919048,2
0.5737810498716871,0.4809460570145416,2
0.4955236009693372,0.4543147997611032,2
0.5085734694793789,0.4475130420511178,2
0.5722684673259796,0.5172329289885367,2
0.5572836061262066,0.4922414302297593,2
0.4814835679070351,0.4386448477781757,2
0.4098602847382823,0.4605242770234394,2
0.5755018547902063,0.5495115206478011,2
0.4305137268149673,0.5246357537397355,2
0.4970076806061514,0.436883813269021,2
0.5757028028568112,0.5147156446871999,2
0.4941605464402445,0.4962994039187653,2
0.6867480610094652,0.7014674425862399,2
0.5322514824882665,0.5152951787346723,2
0.0,0.0563329685000308,2
0.4387351188249113,0.4390012411688199,2
0.5305454826071421,0.5050170866832575,2
0.6747561228717546,0.4974271603004625,2
0.5401082121519015,0.4643465987201136,2
0.5450368143010617,0.5521034968430438,2
0.3160636019049649,0.3358128077767302,2
0.4253450148434687,0.408301174391715,2
0.5800614798334278,0.5701317763923055,2
0.5080133261167992,0.4756047831348219,2
0.518005372217733,0.3992127621113004,2
0.2876451985060604,0.2932255802033403,2
0.6031842427441165,0.5314752516912907,2
0.656903229890067,0.7416501077209605,2
0.3818259330003604,0.3969960724128554,2
0.5800105892903206,0.513181224877925,2
0.5430426074794398,0.3575843683453577,2
0.7951645959678341,0.7258473838833852,2
0.4843170968906504,0.4855484744107689,2
0.6260907005698245,0.5810833748730486,2
0.3498601929272156,0.1595323462182596,2
0.445020264960136,0.4888340052463176,2
0.5846069112006115,0.6210636908374569,2
0.4974776202508689,0.4191833751205898,2
0.7028827480725673,0.6027916993955077,2
0.4776697169844258,0.4527190066045288,2
0.3836344220055437,0.0402729443156789,2
0.5314420263538817,0.5454500616419686,2
0.5180028584390797,0.5089483596357722,2
0.5375140991417139,0.5153532222614784,2
0.7946017286092126,0.6363047166533486,2
0.6185803969556785,0.5823507502463595,2
0.5315089272681027,0.430089570297468,2
0.5975754348570398,0.4871153912381456,2
0.5080320794641592,0.3627567818022018,2
0.4833289965408484,0.4892122865720428,2
0.4031647560444767,0.3512528332772723,2
0.5783847188379759,0.7110975066986063,2
0.5065175323320719,0.4432848797247124,2
0.6224858418345627,0.4205336451150351,2
0.4054748841893312,0.3393132877210067,2
0.4378421762236622,0.6177928379415913,2
0.517784108221987,0.4899048724611311,2
0.5744221361952124,0.6268068231811625,2
0.5590162587830823,0.5431181656184991,2
0.5609235781350586,0.5304666262754443,2
0.2881910264325521,0.4459349894005525,2
0.6347591390759504,0.5375652741759156,2
0.6171309016739743,0.550036626350679,2
0.4455385289672727,0.5358612586154535,2
0.5274321819418829,0.4757616180305971,2
0.3862106366428991,0.2635207411281887,2
0.6299582900411966,0.5454570850407784,2
0.5817455352778106,0.4904038343318791,2
0.586755594180335,0.3956780071644201,2
0.4605741441220826,0.534504261965855,2
0.3017945627598766,0.1281353184680706,2
0.5517897522558678,0.5403310204760382,2
0.479312923638114,0.4990688858519376,2
0.5755082069693421,0.4039331759231547,2
0.5943101667685381,0.483632579680829,2
0.3883737898356751,0.352631559580649,2
0.5334906518110628,0.502632361980607,2
0.3917395220723074,0.3613322177426067,2
0.6422521877324676,0.661154990680407,2
0.6103785873021453,0.357654898895259,2
0.5652223861598559,0.4279827090780861,2
0.5414934816563312,0.5890053826337383,2
0.5226783648271893,0.4913525293519559,2
0.4861087087000776,0.453626717138708,2
0.7493818014077943,0.6531571021155487,2
0.501404903867925,0.6039786191439653,2
0.5802572498086583,0.4280801609205022,2
0.5306646981933474,0.5614491835306121,2
0.4831362157184421,0.4474298909562116,2
0.4811098450920139,0.3004468522880411,2
0.5010618065132784,0.5373537220679199,2
0.489832769583151,0.4000472474990347,2
0.5693881201356769,0.4796833229481176,2
0.4363860490135942,0.4367224111039952,2
0.3876938308217916,0.4862186936275901,2
0.6028794661009891,0.5305769360501611,2
0.5794235467173183,0.4351908201154807,2
0.3924718556073522,0.5005537283482403,2
0.5468934487161118,0.5447496943903141,2
0.6011193012369924,0.5173447143865915,2
0.507390653479704,0.4202808183085024,2
0.5609708478079886,0.3999245972317045,2
0.5527091929147283,0.4513095339592147,2
0.5648495209892166,0.4917294260968902,2
0.4726999364228899,0.5729972828847383,2
0.4511245459737872,0.3509382796088811,2
0.5448281891888492,0.5074293543501098,2
0.4950002584311385,0.4888897899168103,2
0.5371989654394146,0.4627211965734322,2
0.4499285606635863,0.3776612842231444,2
0.2913913071569783,0.0,2
0.5480345045603596,0.4855477178582544,2
0.6134964285384114,0.6798834220472789,2
0.6571833514883715,0.6209517156451685,2
0.436922775922033,0.3597862098705756,2
0.5831887321782436,0.6768245694233386,2
0.4721515715280596,0.4077043039208931,2
0.5755761826270384,0.6141713581211724,2
0.8032985294905703,0.7490342173380335,2
0.4562373647455551,0.3963518735815747,2
0.7189209575415882,0.5967191422208157,2
0.6460022794701833,0.6127888824734489,2
0.642132976035874,0.6894511708931346,2
0.6080549650193666,0.755869030047508,2
0.4415702692139424,0.3989673874589147,2
0.5302555147532008,0.4692935332131928,2
0.4482037963888144,0.4387448828948857,2
0.4365787480130872,0.4533608090201768,2
0.4566428314071394,0.3607031559070739,2
0.5268984365573617,0.3962628194721945,2
0.6209076484927861,0.663710672530448,2
0.4995808628580904,0.3907206431597609,2
0.8441126007474715,1.0,2
0.608319875042161,0.597387887147941,2
0.6266781140660932,0.5091810260592017,2
0.5039420392394225,0.4754141963583151,2
0.4191591861860347,0.25153200786475,2
0.225661684150767,0.2972495024488842,2
0.6169398004713738,0.632657446845005,2
0.7563168581209061,0.6251818711019868,2
0.5279545868725406,0.444319267452223,2
0.5740357904568505,0.3979611524738539,2
0.5621775444636707,0.5133664095421147,2
0.4602446703943235,0.4753192647672261,2
0.6149475218210247,0.5468601742649428,2
0.9999999999999998,0.7375594628303207,2
0.5226230496376727,0.5337269726879154,2
0.4239413788215668,0.424255964898211,2
0.4889788324771068,0.4193620527779633,2
0.506550254094275,0.4797239183295553,2
0.6656696042009462,0.500032045620713,2
0.5821458088320105,0.5438189342515741,2
0.5612192533919877,0.5531750780747138,2
0.4170116002650759,0.4484826986467777,2
0.6426955248952596,0.5001560737815438,2
0.5180858912966431,0.4332739925366653,2
0.579275192865016,0.4871100682391714,2
0.7977127571343625,0.6897942170591149,2
0.3773740559248683,0.1353844076064383,2
0.6159298116439026,0.5201965878253305,2
0.4578038704987987,0.4753737143345246,2
0.4711318339045149,0.4594383039782392,2
0.4247355801417984,0.3945249083020888,2
0.5039273158753395,0.3407464578977116,2
0.5082931769130649,0.5067456854644606,2
0.5896767214912538,0.4512378639284572,2
0.5519856793901572,0.4443053682224374,2
0.5454930971686933,0.4764450318950448,2
0.4384396578132191,0.5006457127790175,2
0.5542841348169796,0.5174236929315323,2
0.5083331144422616,0.5159313175740009,2
0.4123621821472888,0.383513374400068,2
0.4873301391832237,0.5435770076675062,2
0.6639854979854106,0.6490689230013691,2
0.4599672450486454,0.482960252400786,2
0.6789362588599854,0.3750065612819584,2
0.5887847255125398,0.6093672690913462,2
0.5830715564931922,0.4694474731122026,2
0.370323009831732,0.4699630578777602,2
0.5576992186055907,0.3940213901675636,2
0.5822344821669624,0.3902785459457565,2
0.4332022784017187,0.4236450045573623,2
0.4561394056934825,0.5570769431600077,2
0.5965021709738731,0.5215010348536864,2
0.5617582375765138,0.5555146223322026,2
0.368654393470157,0.3875252354366317,2
0.8592397818965858,0.6840876044893531,2
0.5442792905067714,0.583746399194926,2
0.5192966314742365,0.4956823533371182,2
0.4276487251730505,0.3127189378284336,2
0.3157541958834992,0.2168075016880246,2
0.542461488269036,0.5330663135780714,2
0.6325910058647773,0.5323019158755716,2
0.5709028962347523,0.5582426494160773,2
0.5430084592984579,0.4837252363828521,2
0.4906020925600071,0.5150553825551377,2
0.4862295180379032,0.372157348191511,2
0.5364862201824419,0.4779313598360751,2
0.5481609856857164,0.6218132255992692,2
0.5931246512091243,0.555643810175744,2
0.654402613997121,0.5689759651428643,2
0.5890790276143714,0.6251355289970366,2
0.5109532139601657,0.5024050460280627,2
0.507267957432696,0.3850595790829343,2
0.5932211157736593,0.4986140479876285,2
0.5051080494631143,0.5577842000681449,2
0.5355463907617154,0.561835304023275,2
0.6099811464486586,0.5344166339534012,2
0.4564945714802234,0.3536553260519556,2
0.4744242062035287,0.4386350713117154,2
0.6988251642969552,0.6239824604893116,2
0.1107003015736208,0.2517196505537689,2
0.5152649621741631,0.4541595286286508,2
0.5593430049538735,0.2735877049268939,2
0.4940022740713686,0.4649974727307558,2
0.4827744485265368,0.349490771886392,2
0.5905774358646769,0.6048614293952734,2
0.528826370528573,0.5231161456944032,2
0.540259018375137,0.4580994334713438,2
0.4570638312386309,0.4146073046231743,2
0.5677197609011195,0.4241182779214123,2
0.5395442160909073,0.4813197580139845,2
0.6076163694649995,0.5615722382418341,2
0.5646965420254065,0.5296473434221325,2
0.524431885894406,0.489199544821052,2
0.413136058841234,0.5410513143201815,2
0.750105306925814,0.5154488782463327,2
0.5003292873325235,0.4503084268379798,2
0.4611496489459702,0.5417930774488845,2
0.4006040854527206,0.3010196786047566,2
0.4880260117045702,0.6516073898846751,2
0.2217958671430468,0.1491531216502324,2
0.3637022351679476,0.5180519740210027,2
0.729648795721447,0.6259986252342482,2
0.629262291949483,0.5567611501842104,2
0.6267266579406995,0.5618134100024464,2
0.3678524096867217,0.4402634191740178,2
0.5513875563634043,0.4576170296456776,2
0.5652195682906017,0.4352994661387636,2
0.4999340329404956,0.3022807356314181,2
0.7482574722583017,0.507364123356792,2
0.5018426350455623,0.4401677263270488,2
0.5365525957569717,0.5704275827978287,2
0.4619264090496187,0.3310363628338751,2
0.6409195421777923,0.6529545044634915,2
0.5372672242794729,0.5375242598058407,2
0.5920881816761666,0.475823081325293,2
0.3784064932823749,0.2111814077985956,2
0.2494273976311396,0.257572610796508,2
0.508545500358344,0.4496053090321352,2
0.563410152583438,0.5187061054907605,2
0.4745931707870548,0.4692281259917044,2
0.2329404261918858,0.129963232103847,2
0.5487816270684253,0.4103289159880882,2
0.4111478973799963,0.5990792615281162,2
0.5195277499602364,0.519528403321557,2
0.5520361633433711,0.4983169318079298,2
0.42458351698836,0.3265459226430024,2
0.3641204585254325,0.2111269180797241,2
0.4019002585185416,0.1524826076027741,2
0.3796671527167418,0.3424583786728511,2
0.3075188827656235,0.259855618198967,2
0.4582239151542447,0.5019811610103506,2
0.4908836483863021,0.4744915525343475,2
0.4827291305005615,0.2707531033167725,2
0.5328581897286654,0.534193930835218,2
0.579708087698074,0.5034455111515629,2
0.585479246564806,0.4816502337292641,2
0.4980759006079496,0.4618848521424359,2
0.5472501047227709,0.5300961216852568,2
